UNITS=MM
#Layer_Color=32768
#
#Feature symbol names
#
$0 r49.9999
$1 r99.9998
$2 r199.9996

#
#Feature attribute names
#

#
#Layer features
#
L 1.01220016 10.1720015 1.01220016 11.67200104 0 P 0
L 1.01220016 10.1720015 3.71219984 10.1720015 0 P 0
L 1.01220016 11.67200104 3.71219984 11.67200104 0 P 0
L 1.01220016 13.4740015 1.01220016 14.97400104 0 P 0
L 1.01220016 13.4740015 3.71219984 13.4740015 0 P 0
L 1.01220016 14.97400104 3.71219984 14.97400104 0 P 0
L 1.31059936 12.047601 1.31059936 13.04760154 0 P 0
L 1.31059936 12.047601 3.2105981 12.047601 0 P 0
L 1.31059936 13.04760154 3.2105981 13.04760154 0 P 0
L 1.88719968 10.922 2.83720032 10.922 1 P 0
L 1.88719968 14.224 2.83720032 14.224 1 P 0
L 2.00059798 12.5476 2.52059948 12.5476 1 P 0
L 2.2606 12.28760052 2.2606 12.80759948 1 P 0
L 2.3622 10.44700222 2.3622 11.39700032 1 P 0
L 2.3622 13.74900222 2.3622 14.69900032 1 P 0
L 3.09499762 5.9556015 3.09499762 7.45560104 0 P 0
L 3.09499762 5.9556015 5.79499984 5.9556015 0 P 0
L 3.09499762 7.45560104 5.79499984 7.45560104 0 P 0
L 3.12040016 7.60659896 3.12040016 9.1065985 0 P 0
L 3.12040016 7.60659896 5.82039984 7.60659896 0 P 0
L 3.12040016 9.1065985 5.82039984 9.1065985 0 P 0
L 3.2105981 12.047601 3.2105981 13.04760154 0 P 0
L 3.59659936 4.605401 3.59659936 5.60540154 0 P 0
L 3.59659936 4.605401 5.4965981 4.605401 0 P 0
L 3.59659936 5.60540154 5.4965981 5.60540154 0 P 0
L 3.71219984 10.1720015 3.71219984 11.67200104 0 P 0
L 3.71219984 13.4740015 3.71219984 14.97400104 0 P 0
L 3.96999968 6.7056 4.91999778 6.7056 1 P 0
L 3.99539968 8.3566 4.94540032 8.3566 1 P 0
L 4.15820098 14.15219928 4.15820098 16.05220056 0 P 0
L 4.15820098 14.15219928 7.5582018 14.15219928 0 P 0
L 4.15820098 16.05220056 7.5582018 16.05220056 0 P 0
L 4.28659798 5.1054 4.80659948 5.1054 1 P 0
L 4.445 6.23059968 4.445 7.18060032 1 P 0
L 4.4704 7.88159968 4.4704 8.83159778 1 P 0
L 4.5466 4.84540052 4.5466 5.36539948 1 P 0
L 4.80659694 11.43680212 4.80659694 13.16580044 0 P 0
L 4.80659694 11.43680212 5.55659544 11.43680212 0 P 0
L 4.80659694 13.16580044 5.55659544 13.16580044 0 P 0
L 4.9316005 12.2428 5.4315995 12.2428 1 P 0
L 5.1816 11.9928005 5.1816 12.4927995 1 P 0
L 5.35820112 15.10219992 6.35820166 15.10219992 1 P 0
L 5.4965981 4.605401 5.4965981 5.60540154 0 P 0
L 5.55659544 11.43680212 5.55659544 13.16580044 0 P 0
L 5.67939936 9.83780354 5.67939936 10.83780154 0 P 0
L 5.67939936 9.83780354 7.5793981 9.837801 0 P 0
L 5.67939936 10.83780154 7.5793981 10.83780154 0 P 0
L 5.79499984 5.9556015 5.79499984 7.45560104 0 P 0
L 5.82039984 7.60659896 5.82039984 9.1065985 0 P 0
L 5.85820012 14.60220092 5.85820012 15.60219892 1 P 0
L 5.98339926 12.85959836 5.98339926 13.7595991 0 P 0
L 5.98339926 12.85959836 7.7833982 12.85959836 0 P 0
L 5.98339926 13.7595991 7.7833982 13.7595991 0 P 0
L 6.31059952 2.51640086 6.31059952 5.91639914 0 P 0
L 6.31059952 2.51640086 11.11060008 2.51640086 0 P 0
L 6.31059952 5.91639914 11.11060008 5.91639914 0 P 0
L 6.36939798 10.3378 6.88939948 10.3378 1 P 0
L 6.60839928 13.3096 7.15839818 13.3096 1 P 0
L 6.6294 10.07780052 6.6294 10.59779948 1 P 0
L 6.8834 13.03459928 6.8834 13.58459818 1 P 0
L 7.5582018 14.15219928 7.5582018 16.05220056 0 P 0
L 7.5793981 9.837801 7.5793981 10.83780154 0 P 0
L 7.7833982 12.85959836 7.7833982 13.7595991 0 P 0
L 8.110601 4.2164 9.110599 4.2164 1 P 0
L 8.6106 3.716401 8.6106 4.716399 1 P 0
L 8.70919772 6.97079886 8.70919772 12.22080106 0 P 0
L 8.70919772 6.97079886 13.95919992 6.97079886 0 P 0
L 8.70919772 12.22080106 13.95919992 12.22080106 0 P 0
L 11.11060008 2.51640086 11.11060008 5.91639914 0 P 0
L 13.95919992 6.97079886 13.95919992 12.22080106 0 P 0
L 15.02199942 9.08539966 15.02199942 11.28540034 0 P 0
L 15.02199942 9.08539966 19.52200058 9.08539966 0 P 0
L 15.02199942 11.28540034 19.52200058 11.28540034 0 P 0
L 15.73319942 5.91039966 15.73319942 8.11040034 0 P 0
L 15.73319942 5.91039966 20.23320058 5.91039966 0 P 0
L 15.73319942 8.11040034 20.23320058 8.11040034 0 P 0
L 16.772001 10.1854 17.771999 10.1854 1 P 0
L 17.272 9.685401 17.272 10.68540154 1 P 0
L 17.483201 7.0104 18.483199 7.0104 1 P 0
L 17.9832 6.510401 17.9832 7.51040154 1 P 0
L 19.52200058 9.08539966 19.52200058 11.28540034 0 P 0
L 20.23320058 5.91039966 20.23320058 8.11040034 0 P 0
L 25.390602 0.6354064 25.390602 5.9944 2 P 0
L 25.390602 0.6354064 33.486598 0.6354064 2 P 0
L 25.390602 5.9944 33.486598 5.9944 2 P 0
L 25.4015748 51.3371084 25.4015748 54.0370776 0 P 0
L 25.4015748 51.3371084 26.9015972 51.3371084 0 P 0
L 25.4015748 54.0370776 26.9015972 54.0370776 0 P 0
L 25.676606 52.6871184 26.6266168 52.6871184 1 P 0
L 25.822402 55.8804064 25.822402 61.2394 2 P 0
L 25.822402 55.8804064 33.918398 55.8804064 2 P 0
L 25.822402 61.2394 33.918398 61.2394 2 P 0
L 26.151586 52.2120876 26.151586 53.1620984 1 P 0
L 26.7496036 49.5434112 26.7496036 54.9024048 2 P 0
L 26.7496036 49.5434112 32.8456036 49.5434112 2 P 0
L 26.7496036 54.9024048 32.8456036 54.9024048 2 P 0
L 26.9015972 51.3371084 26.9015972 54.0370776 0 P 0
L 28.3583888 17.11579 28.3583888 19.81581 0 P 0
L 28.3583888 17.11579 29.8584112 17.11579 0 P 0
L 28.3583888 19.81581 29.8584112 19.81581 0 P 0
L 28.63342 18.4658 29.58338 18.4658 1 P 0
L 28.8036 3.3274 30.0736 3.3274 2 P 0
L 29.1084 17.99082 29.1084 18.94078 1 P 0
L 29.1626036 52.2104112 30.4326036 52.2104112 2 P 0
L 29.2354 58.5724 30.5054 58.5724 2 P 0
L 29.4386 2.6924 29.4386 3.9624 2 P 0
L 29.7976036 51.5754112 29.7976036 52.8454112 2 P 0
L 29.8584112 17.11579 29.8584112 19.81581 0 P 0
L 29.8704 57.9374 29.8704 59.2074 2 P 0
L 30.6420012 17.3150276 30.6420012 19.5150232 0 P 0
L 30.6420012 17.3150276 31.8419988 17.3150276 0 P 0
L 30.6420012 19.5150232 31.8419988 19.5150232 0 P 0
L 30.76702 18.415 31.71698 18.415 1 P 0
L 31.242 17.94002 31.242 18.88998 1 P 0
L 31.8419988 17.3150276 31.8419988 19.5150232 0 P 0
L 32.52399896 35.88639762 32.52399896 38.58639984 0 P 0
L 32.52399896 35.88639762 34.0239985 35.88639762 0 P 0
L 32.52399896 38.58639984 34.0239985 38.58639984 0 P 0
L 32.79899968 37.2364 33.74900032 37.2364 1 P 0
L 32.8456036 49.5434112 32.8456036 54.9024048 2 P 0
L 33.274 36.76139968 33.274 37.71139778 1 P 0
L 33.486598 0.6354064 33.486598 5.9944 2 P 0
L 33.8840064 16.2385756 33.8840064 23.3345736 2 P 0
L 33.8840064 16.2385756 39.243 16.2385756 2 P 0
L 33.8840064 23.3345736 39.243 23.3345736 2 P 0
L 33.918398 55.8804064 33.918398 61.2394 2 P 0
L 34.0239985 35.88639762 34.0239985 38.58639984 0 P 0
L 34.0872064 22.9441756 34.0872064 30.0401736 2 P 0
L 34.0872064 22.9441756 39.4462 22.9441756 2 P 0
L 34.0872064 30.0401736 39.4462 30.0401736 2 P 0
L 34.3666064 30.7165756 34.3666064 37.8125736 2 P 0
L 34.3666064 30.7165756 39.7256 30.7165756 2 P 0
L 34.3666064 37.8125736 39.7256 37.8125736 2 P 0
L 34.4174064 45.3898 34.4174064 51.4858 2 P 0
L 34.4174064 45.3898 39.7764 45.3898 2 P 0
L 34.4174064 51.4858 39.7764 51.4858 2 P 0
L 34.7568012 52.5448276 34.7568012 54.7448232 0 P 0
L 34.7568012 52.5448276 35.9567988 52.5448276 0 P 0
L 34.7568012 54.7448232 35.9567988 54.7448232 0 P 0
L 34.88182 53.6448 35.83178 53.6448 1 P 0
L 34.96740022 38.40200092 34.96740022 44.40199908 2 P 0
L 34.96740022 38.40200092 39.36739904 38.40200092 2 P 0
L 34.96740022 44.40199908 39.36739904 44.40199908 2 P 0
L 35.3568 53.16982 35.3568 54.11978 1 P 0
L 35.941 19.7866 37.211 19.7866 2 P 0
L 35.9567988 52.5448276 35.9567988 54.7448232 0 P 0
L 36.1442 26.4922 37.4142 26.4922 2 P 0
L 36.4236 34.2646 37.6936 34.2646 2 P 0
L 36.4744 48.4378 37.7444 48.4378 2 P 0
L 36.576 19.1516 36.576 20.4216 2 P 0
L 36.7792 25.8572 36.7792 27.1272 2 P 0
L 36.95739878 41.402 38.27740122 41.402 1 P 0
L 37.0586 33.6296 37.0586 34.8996 2 P 0
L 37.1094 47.8028 37.1094 49.0728 2 P 0
L 37.6174 40.74199878 37.6174 42.06200122 1 P 0
L 39.243 16.2385756 39.243 23.3345736 2 P 0
L 39.36739904 38.40200092 39.36739904 44.40199908 2 P 0
L 39.4462 22.9441756 39.4462 30.0401736 2 P 0
L 39.7256 30.7165756 39.7256 37.8125736 2 P 0
L 39.7764 45.3898 39.7764 51.4858 2 P 0
